{
  "metadata": {
    "total": 38,
    "algorithm": "Wasserstein + MDS (Euclidean projection)",
    "model": "gemma-4-31b-it",
    "author": "João Pedro Pereira Passos - IAP/UFT (2024)",
    "source": "ARASAAC"
  },
  "palavras": [
    "parar",
    "continuar",
    "devagar",
    "rapido",
    "esperar",
    "repetir",
    "vez",
    "primeiro",
    "depois",
    "agora",
    "antes",
    "amanha",
    "ontem",
    "inicio",
    "fim",
    "frustrado",
    "tranquilo",
    "ansioso",
    "feliz",
    "triste",
    "nervoso",
    "orgulhoso",
    "aqui",
    "ali",
    "longe",
    "perto",
    "dentro",
    "fora",
    "cima",
    "baixo",
    "falar",
    "ouvir",
    "entender",
    "explicar",
    "perguntar",
    "responder",
    "ajuda",
    "nao entendi"
  ],
  "coordenadas": [
    {
      "palavra": "parar",
      "categoria": "fluencia",
      "coordX": -0.112,
      "coordY": 0.112
    },
    {
      "palavra": "continuar",
      "categoria": "fluencia",
      "coordX": 0.561,
      "coordY": -0.559
    },
    {
      "palavra": "devagar",
      "categoria": "fluencia",
      "coordX": 0.651,
      "coordY": -0.652
    },
    {
      "palavra": "rapido",
      "categoria": "fluencia",
      "coordX": 0.714,
      "coordY": -0.712
    },
    {
      "palavra": "esperar",
      "categoria": "fluencia",
      "coordX": 0.731,
      "coordY": -0.733
    },
    {
      "palavra": "repetir",
      "categoria": "fluencia",
      "coordX": 0.393,
      "coordY": -0.394
    },
    {
      "palavra": "vez",
      "categoria": "fluencia",
      "coordX": 0.895,
      "coordY": -0.895
    },
    {
      "palavra": "primeiro",
      "categoria": "sequencia",
      "coordX": 0.558,
      "coordY": -0.559
    },
    {
      "palavra": "depois",
      "categoria": "sequencia",
      "coordX": 0.809,
      "coordY": -0.808
    },
    {
      "palavra": "agora",
      "categoria": "sequencia",
      "coordX": 0.528,
      "coordY": -0.529
    },
    {
      "palavra": "antes",
      "categoria": "sequencia",
      "coordX": 0.832,
      "coordY": -0.832
    },
    {
      "palavra": "amanha",
      "categoria": "sequencia",
      "coordX": 0.97,
      "coordY": -0.97
    },
    {
      "palavra": "ontem",
      "categoria": "sequencia",
      "coordX": 1,
      "coordY": -1
    },
    {
      "palavra": "inicio",
      "categoria": "sequencia",
      "coordX": 0.759,
      "coordY": -0.76
    },
    {
      "palavra": "fim",
      "categoria": "sequencia",
      "coordX": 0.671,
      "coordY": -0.673
    },
    {
      "palavra": "frustrado",
      "categoria": "emocao",
      "coordX": -0.199,
      "coordY": 0.199
    },
    {
      "palavra": "tranquilo",
      "categoria": "emocao",
      "coordX": 0.016,
      "coordY": -0.016
    },
    {
      "palavra": "ansioso",
      "categoria": "emocao",
      "coordX": 0.132,
      "coordY": -0.13
    },
    {
      "palavra": "feliz",
      "categoria": "emocao",
      "coordX": -0.197,
      "coordY": 0.196
    },
    {
      "palavra": "triste",
      "categoria": "emocao",
      "coordX": -0.137,
      "coordY": 0.136
    },
    {
      "palavra": "nervoso",
      "categoria": "emocao",
      "coordX": -0.127,
      "coordY": 0.127
    },
    {
      "palavra": "orgulhoso",
      "categoria": "emocao",
      "coordX": 0.443,
      "coordY": -0.442
    },
    {
      "palavra": "aqui",
      "categoria": "espaco",
      "coordX": -0.807,
      "coordY": 0.805
    },
    {
      "palavra": "ali",
      "categoria": "espaco",
      "coordX": -0.834,
      "coordY": 0.835
    },
    {
      "palavra": "longe",
      "categoria": "espaco",
      "coordX": -0.501,
      "coordY": 0.499
    },
    {
      "palavra": "perto",
      "categoria": "espaco",
      "coordX": -0.455,
      "coordY": 0.454
    },
    {
      "palavra": "dentro",
      "categoria": "espaco",
      "coordX": -0.802,
      "coordY": 0.802
    },
    {
      "palavra": "fora",
      "categoria": "espaco",
      "coordX": -0.829,
      "coordY": 0.829
    },
    {
      "palavra": "cima",
      "categoria": "espaco",
      "coordX": -1,
      "coordY": 1
    },
    {
      "palavra": "baixo",
      "categoria": "espaco",
      "coordX": -0.779,
      "coordY": 0.778
    },
    {
      "palavra": "falar",
      "categoria": "comunicacao",
      "coordX": -0.25,
      "coordY": 0.25
    },
    {
      "palavra": "ouvir",
      "categoria": "comunicacao",
      "coordX": -0.473,
      "coordY": 0.472
    },
    {
      "palavra": "entender",
      "categoria": "comunicacao",
      "coordX": 0.077,
      "coordY": -0.076
    },
    {
      "palavra": "explicar",
      "categoria": "comunicacao",
      "coordX": 0.478,
      "coordY": -0.478
    },
    {
      "palavra": "perguntar",
      "categoria": "comunicacao",
      "coordX": -0.009,
      "coordY": 0.007
    },
    {
      "palavra": "responder",
      "categoria": "comunicacao",
      "coordX": 0.104,
      "coordY": -0.103
    },
    {
      "palavra": "ajuda",
      "categoria": "comunicacao",
      "coordX": -0.43,
      "coordY": 0.43
    },
    {
      "palavra": "nao entendi",
      "categoria": "comunicacao",
      "coordX": 0.097,
      "coordY": -0.097
    }
  ],
  "dist_matrix": [
    [
      0,
      0.950353,
      1.079752,
      1.166727,
      1.193597,
      0.714885,
      1.424113,
      0.94823,
      1.301784,
      0.905804,
      1.335018,
      1.530179,
      1.572605,
      1.232487,
      1.108744,
      0.123037,
      0.181019,
      0.343657,
      0.119503,
      0.034655,
      0.021213,
      0.784182,
      0.981465,
      1.02177,
      0.548717,
      0.484369,
      0.975807,
      1.013991,
      1.255822,
      0.942574,
      0.195161,
      0.509824,
      0.26658,
      0.834386,
      0.147085,
      0.304764,
      0.44972,
      0.295571
    ],
    [
      0.950353,
      0,
      0.129418,
      0.216375,
      0.243261,
      0.235476,
      0.473764,
      0.003,
      0.351433,
      0.044598,
      0.384669,
      0.579829,
      0.622256,
      0.282144,
      0.158417,
      1.073389,
      0.769333,
      0.606698,
      1.069855,
      0.985002,
      0.971566,
      0.166172,
      1.931818,
      1.972121,
      1.499069,
      1.434721,
      1.926159,
      1.964343,
      2.206174,
      1.892926,
      1.145514,
      1.460177,
      0.683773,
      0.115974,
      0.803278,
      0.645589,
      1.400072,
      0.654782
    ],
    [
      1.079752,
      0.129418,
      0,
      0.087,
      0.113846,
      0.364867,
      0.344362,
      0.131522,
      0.222036,
      0.173948,
      0.255267,
      0.450428,
      0.492854,
      0.152735,
      0.029,
      1.202789,
      0.898733,
      0.736101,
      1.199253,
      1.1144,
      1.100965,
      0.295574,
      2.061216,
      2.101522,
      1.628467,
      1.56412,
      2.05556,
      2.093743,
      2.335574,
      2.022325,
      1.274914,
      1.589576,
      0.813174,
      0.245367,
      0.932674,
      0.77499,
      1.529472,
      0.784182
    ],
    [
      1.166727,
      0.216375,
      0.087,
      0,
      0.027019,
      0.451846,
      0.257391,
      0.218506,
      0.135059,
      0.260931,
      0.168297,
      0.363456,
      0.405882,
      0.065795,
      0.058052,
      1.289764,
      0.985708,
      0.823072,
      1.286229,
      1.201376,
      1.18794,
      0.382545,
      2.148192,
      2.188496,
      1.715443,
      1.651096,
      2.142534,
      2.180718,
      2.422548,
      2.109301,
      1.361888,
      1.676552,
      0.900147,
      0.332343,
      1.019652,
      0.861963,
      1.616447,
      0.871157
    ],
    [
      1.193597,
      0.243261,
      0.113846,
      0.027019,
      0,
      0.478712,
      0.230521,
      0.245367,
      0.108208,
      0.287793,
      0.141428,
      0.336586,
      0.379012,
      0.038897,
      0.084853,
      1.316634,
      1.012578,
      0.849947,
      1.313097,
      1.228245,
      1.21481,
      0.40942,
      2.17506,
      2.215367,
      1.742311,
      1.677965,
      2.169404,
      2.207588,
      2.449418,
      2.13617,
      1.388758,
      1.70342,
      0.927019,
      0.359213,
      1.046518,
      0.888836,
      1.643317,
      0.898027
    ],
    [
      0.714885,
      0.235476,
      0.364867,
      0.451846,
      0.478712,
      0,
      0.709228,
      0.233345,
      0.5869,
      0.190919,
      0.620133,
      0.815294,
      0.857721,
      0.517602,
      0.393859,
      0.837922,
      0.533866,
      0.371237,
      0.834386,
      0.749533,
      0.736098,
      0.069311,
      1.696349,
      1.736655,
      1.2636,
      1.199253,
      1.690692,
      1.728876,
      1.970707,
      1.657458,
      0.910047,
      1.224709,
      0.448308,
      0.119503,
      0.567807,
      0.410124,
      1.164605,
      0.419315
    ],
    [
      1.424113,
      0.473764,
      0.344362,
      0.257391,
      0.230521,
      0.709228,
      0,
      0.475883,
      0.122332,
      0.51831,
      0.089095,
      0.106066,
      0.148492,
      0.191627,
      0.315373,
      1.54715,
      1.243094,
      1.08046,
      1.543614,
      1.458761,
      1.445326,
      0.639932,
      2.405578,
      2.445882,
      1.972828,
      1.908481,
      2.39992,
      2.438104,
      2.679935,
      2.366687,
      1.619275,
      1.933937,
      1.157534,
      0.589727,
      1.277036,
      1.11935,
      1.873833,
      1.128542
    ],
    [
      0.94823,
      0.003,
      0.131522,
      0.218506,
      0.245367,
      0.233345,
      0.475883,
      0,
      0.353556,
      0.042426,
      0.386788,
      0.581949,
      0.624376,
      0.284257,
      0.160515,
      1.071267,
      0.767211,
      0.60458,
      1.067731,
      0.982878,
      0.969444,
      0.164055,
      1.929695,
      1.97,
      1.496945,
      1.432598,
      1.924038,
      1.962221,
      2.204052,
      1.890804,
      1.143392,
      1.458054,
      0.681652,
      0.113846,
      0.801152,
      0.643469,
      1.39795,
      0.65266
    ],
    [
      1.301784,
      0.351433,
      0.222036,
      0.135059,
      0.108208,
      0.5869,
      0.122332,
      0.353556,
      0,
      0.395982,
      0.033242,
      0.228397,
      0.270823,
      0.069311,
      0.193052,
      1.42482,
      1.120764,
      0.95813,
      1.421285,
      1.336433,
      1.322997,
      0.517602,
      2.283249,
      2.323553,
      1.8505,
      1.786152,
      2.277591,
      2.315775,
      2.557605,
      2.244357,
      1.496945,
      1.811608,
      1.035204,
      0.467398,
      1.154707,
      0.997021,
      1.751504,
      1.006213
    ],
    [
      0.905804,
      0.044598,
      0.173948,
      0.260931,
      0.287793,
      0.190919,
      0.51831,
      0.042426,
      0.395982,
      0,
      0.429214,
      0.624376,
      0.666802,
      0.326683,
      0.202941,
      1.028841,
      0.724785,
      0.562154,
      1.025305,
      0.940452,
      0.927017,
      0.121631,
      1.887268,
      1.927574,
      1.454519,
      1.390172,
      1.881611,
      1.919795,
      2.161626,
      1.848377,
      1.100965,
      1.415628,
      0.639226,
      0.071421,
      0.758726,
      0.601042,
      1.355524,
      0.610234
    ],
    [
      1.335018,
      0.384669,
      0.255267,
      0.168297,
      0.141428,
      0.620133,
      0.089095,
      0.386788,
      0.033242,
      0.429214,
      0,
      0.195161,
      0.237588,
      0.102533,
      0.226279,
      1.458054,
      1.153998,
      0.991365,
      1.454519,
      1.369666,
      1.356231,
      0.550837,
      2.316482,
      2.356787,
      1.883733,
      1.819386,
      2.310825,
      2.349009,
      2.590839,
      2.277591,
      1.530179,
      1.844842,
      1.068439,
      0.500632,
      1.18794,
      1.030255,
      1.784738,
      1.039447
    ],
    [
      1.530179,
      0.579829,
      0.450428,
      0.363456,
      0.336586,
      0.815294,
      0.106066,
      0.581949,
      0.228397,
      0.624376,
      0.195161,
      0,
      0.042426,
      0.297693,
      0.421438,
      1.653216,
      1.34916,
      1.186526,
      1.64968,
      1.564827,
      1.551392,
      0.745998,
      2.511644,
      2.551948,
      2.078894,
      2.014547,
      2.505986,
      2.54417,
      2.786001,
      2.472753,
      1.725341,
      2.040003,
      1.2636,
      0.695793,
      1.383102,
      1.225416,
      1.979899,
      1.234608
    ],
    [
      1.572605,
      0.622256,
      0.492854,
      0.405882,
      0.379012,
      0.857721,
      0.148492,
      0.624376,
      0.270823,
      0.666802,
      0.237588,
      0.042426,
      0,
      0.340119,
      0.463864,
      1.695642,
      1.391586,
      1.228952,
      1.692107,
      1.607254,
      1.593819,
      0.788424,
      2.55407,
      2.594375,
      2.121321,
      2.056974,
      2.548413,
      2.586597,
      2.828427,
      2.515179,
      1.767767,
      2.08243,
      1.306026,
      0.738219,
      1.425528,
      1.267843,
      2.022325,
      1.277035
    ],
    [
      1.232487,
      0.282144,
      0.152735,
      0.065795,
      0.038897,
      0.517602,
      0.191627,
      0.284257,
      0.069311,
      0.326683,
      0.102533,
      0.297693,
      0.340119,
      0,
      0.123746,
      1.355524,
      1.051468,
      0.888836,
      1.351988,
      1.267135,
      1.253701,
      0.448308,
      2.213951,
      2.254257,
      1.781202,
      1.716855,
      2.208295,
      2.246478,
      2.488309,
      2.17506,
      1.427649,
      1.742311,
      0.965909,
      0.398102,
      1.085409,
      0.927725,
      1.682207,
      0.936917
    ],
    [
      1.108744,
      0.158417,
      0.029,
      0.058052,
      0.084853,
      0.393859,
      0.315373,
      0.160515,
      0.193052,
      0.202941,
      0.226279,
      0.421438,
      0.463864,
      0.123746,
      0,
      1.231781,
      0.927725,
      0.765095,
      1.228245,
      1.143392,
      1.129958,
      0.324569,
      2.090208,
      2.130514,
      1.657458,
      1.593112,
      2.084551,
      2.122735,
      2.364565,
      2.051317,
      1.303906,
      1.618568,
      0.842167,
      0.274361,
      0.961665,
      0.803983,
      1.558464,
      0.813174
    ],
    [
      0.123037,
      1.073389,
      1.202789,
      1.289764,
      1.316634,
      0.837922,
      1.54715,
      1.071267,
      1.42482,
      1.028841,
      1.458054,
      1.653216,
      1.695642,
      1.355524,
      1.231781,
      0,
      0.304056,
      0.466693,
      0.003606,
      0.088391,
      0.101823,
      0.907218,
      0.858429,
      0.898733,
      0.425681,
      0.361332,
      0.852771,
      0.890955,
      1.132785,
      0.819537,
      0.072125,
      0.386788,
      0.389616,
      0.957423,
      0.270118,
      0.4278,
      0.326683,
      0.418607
    ],
    [
      0.181019,
      0.769333,
      0.898733,
      0.985708,
      1.012578,
      0.533866,
      1.243094,
      0.767211,
      1.120764,
      0.724785,
      1.153998,
      1.34916,
      1.391586,
      1.051468,
      0.927725,
      0.304056,
      0,
      0.162641,
      0.300521,
      0.215669,
      0.202233,
      0.603162,
      1.162484,
      1.202789,
      0.729736,
      0.665388,
      1.156827,
      1.19501,
      1.436841,
      1.123593,
      0.376181,
      0.690844,
      0.085563,
      0.653367,
      0.033971,
      0.123746,
      0.630739,
      0.114551
    ],
    [
      0.343657,
      0.606698,
      0.736101,
      0.823072,
      0.849947,
      0.371237,
      1.08046,
      0.60458,
      0.95813,
      0.562154,
      0.991365,
      1.186526,
      1.228952,
      0.888836,
      0.765095,
      0.466693,
      0.162641,
      0,
      0.46316,
      0.378308,
      0.36487,
      0.440528,
      1.325121,
      1.365423,
      0.892373,
      0.828025,
      1.319462,
      1.357646,
      1.599476,
      1.286229,
      0.538817,
      0.853481,
      0.077078,
      0.490734,
      0.196596,
      0.038897,
      0.793375,
      0.048104
    ],
    [
      0.119503,
      1.069855,
      1.199253,
      1.286229,
      1.313097,
      0.834386,
      1.543614,
      1.067731,
      1.421285,
      1.025305,
      1.454519,
      1.64968,
      1.692107,
      1.351988,
      1.228245,
      0.003606,
      0.300521,
      0.46316,
      0,
      0.084853,
      0.09829,
      0.903684,
      0.861963,
      0.902269,
      0.429214,
      0.364867,
      0.856307,
      0.89449,
      1.136321,
      0.823072,
      0.075664,
      0.390323,
      0.386083,
      0.953887,
      0.26658,
      0.424266,
      0.33022,
      0.415072
    ],
    [
      0.034655,
      0.985002,
      1.1144,
      1.201376,
      1.228245,
      0.749533,
      1.458761,
      0.982878,
      1.336433,
      0.940452,
      1.369666,
      1.564827,
      1.607254,
      1.267135,
      1.143392,
      0.088391,
      0.215669,
      0.378308,
      0.084853,
      0,
      0.013454,
      0.818831,
      0.946816,
      0.987122,
      0.514067,
      0.44972,
      0.941159,
      0.979343,
      1.221174,
      0.907925,
      0.160515,
      0.475176,
      0.301231,
      0.869035,
      0.181728,
      0.339414,
      0.415072,
      0.33022
    ],
    [
      0.021213,
      0.971566,
      1.100965,
      1.18794,
      1.21481,
      0.736098,
      1.445326,
      0.969444,
      1.322997,
      0.927017,
      1.356231,
      1.551392,
      1.593819,
      1.253701,
      1.129958,
      0.101823,
      0.202233,
      0.36487,
      0.09829,
      0.013454,
      0,
      0.805395,
      0.960252,
      1.000556,
      0.527504,
      0.463155,
      0.954594,
      0.992778,
      1.234608,
      0.92136,
      0.173948,
      0.488611,
      0.287793,
      0.855599,
      0.168297,
      0.325977,
      0.428507,
      0.316784
    ],
    [
      0.784182,
      0.166172,
      0.295574,
      0.382545,
      0.40942,
      0.069311,
      0.639932,
      0.164055,
      0.517602,
      0.121631,
      0.550837,
      0.745998,
      0.788424,
      0.448308,
      0.324569,
      0.907218,
      0.603162,
      0.440528,
      0.903684,
      0.818831,
      0.805395,
      0,
      1.765647,
      1.805951,
      1.332898,
      1.26855,
      1.759989,
      1.798173,
      2.040003,
      1.726755,
      0.979343,
      1.294006,
      0.517602,
      0.05021,
      0.637107,
      0.479418,
      1.233902,
      0.488611
    ],
    [
      0.981465,
      1.931818,
      2.061216,
      2.148192,
      2.17506,
      1.696349,
      2.405578,
      1.929695,
      2.283249,
      1.887268,
      2.316482,
      2.511644,
      2.55407,
      2.213951,
      2.090208,
      0.858429,
      1.162484,
      1.325121,
      0.861963,
      0.946816,
      0.960252,
      1.765647,
      0,
      0.040361,
      0.432749,
      0.497097,
      0.005831,
      0.032558,
      0.274361,
      0.038897,
      0.786304,
      0.471641,
      1.248045,
      1.815851,
      1.128542,
      1.286229,
      0.531746,
      1.277036
    ],
    [
      1.02177,
      1.972121,
      2.101522,
      2.188496,
      2.215367,
      1.736655,
      2.445882,
      1.97,
      2.323553,
      1.927574,
      2.356787,
      2.551948,
      2.594375,
      2.254257,
      2.130514,
      0.898733,
      1.202789,
      1.365423,
      0.902269,
      0.987122,
      1.000556,
      1.805951,
      0.040361,
      0,
      0.473059,
      0.537403,
      0.045967,
      0.00781,
      0.234053,
      0.079209,
      0.826608,
      0.511947,
      1.288349,
      1.856155,
      1.168849,
      1.326532,
      0.57205,
      1.31734
    ],
    [
      0.548717,
      1.499069,
      1.628467,
      1.715443,
      1.742311,
      1.2636,
      1.972828,
      1.496945,
      1.8505,
      1.454519,
      1.883733,
      2.078894,
      2.121321,
      1.781202,
      1.657458,
      0.425681,
      0.729736,
      0.892373,
      0.429214,
      0.514067,
      0.527504,
      1.332898,
      0.432749,
      0.473059,
      0,
      0.064351,
      0.427095,
      0.465278,
      0.707108,
      0.393859,
      0.353556,
      0.038897,
      0.815297,
      1.383102,
      0.695793,
      0.853481,
      0.099005,
      0.844287
    ],
    [
      0.484369,
      1.434721,
      1.56412,
      1.651096,
      1.677965,
      1.199253,
      1.908481,
      1.432598,
      1.786152,
      1.390172,
      1.819386,
      2.014547,
      2.056974,
      1.716855,
      1.593112,
      0.361332,
      0.665388,
      0.828025,
      0.364867,
      0.44972,
      0.463155,
      1.26855,
      0.497097,
      0.537403,
      0.064351,
      0,
      0.49144,
      0.529623,
      0.771454,
      0.458205,
      0.289208,
      0.025456,
      0.750949,
      1.318754,
      0.631447,
      0.789132,
      0.034655,
      0.779939
    ],
    [
      0.975807,
      1.926159,
      2.05556,
      2.142534,
      2.169404,
      1.690692,
      2.39992,
      1.924038,
      2.277591,
      1.881611,
      2.310825,
      2.505986,
      2.548413,
      2.208295,
      2.084551,
      0.852771,
      1.156827,
      1.319462,
      0.856307,
      0.941159,
      0.954594,
      1.759989,
      0.005831,
      0.045967,
      0.427095,
      0.49144,
      0,
      0.038184,
      0.280014,
      0.033242,
      0.780646,
      0.465984,
      1.242387,
      1.810193,
      1.122886,
      1.280571,
      0.526087,
      1.271378
    ],
    [
      1.013991,
      1.964343,
      2.093743,
      2.180718,
      2.207588,
      1.728876,
      2.438104,
      1.962221,
      2.315775,
      1.919795,
      2.349009,
      2.54417,
      2.586597,
      2.246478,
      2.122735,
      0.890955,
      1.19501,
      1.357646,
      0.89449,
      0.979343,
      0.992778,
      1.798173,
      0.032558,
      0.00781,
      0.465278,
      0.529623,
      0.038184,
      0,
      0.241831,
      0.071421,
      0.81883,
      0.504168,
      1.280571,
      1.848377,
      1.16107,
      1.318754,
      0.564271,
      1.309562
    ],
    [
      1.255822,
      2.206174,
      2.335574,
      2.422548,
      2.449418,
      1.970707,
      2.679935,
      2.204052,
      2.557605,
      2.161626,
      2.590839,
      2.786001,
      2.828427,
      2.488309,
      2.364565,
      1.132785,
      1.436841,
      1.599476,
      1.136321,
      1.221174,
      1.234608,
      2.040003,
      0.274361,
      0.234053,
      0.707108,
      0.771454,
      0.280014,
      0.241831,
      0,
      0.313249,
      1.06066,
      0.745998,
      1.522401,
      2.090208,
      1.402901,
      1.560585,
      0.806102,
      1.551392
    ],
    [
      0.942574,
      1.892926,
      2.022325,
      2.109301,
      2.13617,
      1.657458,
      2.366687,
      1.890804,
      2.244357,
      1.848377,
      2.277591,
      2.472753,
      2.515179,
      2.17506,
      2.051317,
      0.819537,
      1.123593,
      1.286229,
      0.823072,
      0.907925,
      0.92136,
      1.726755,
      0.038897,
      0.079209,
      0.393859,
      0.458205,
      0.033242,
      0.071421,
      0.313249,
      0,
      0.747412,
      0.432749,
      1.209153,
      1.776959,
      1.089652,
      1.247337,
      0.492854,
      1.238144
    ],
    [
      0.195161,
      1.145514,
      1.274914,
      1.361888,
      1.388758,
      0.910047,
      1.619275,
      1.143392,
      1.496945,
      1.100965,
      1.530179,
      1.725341,
      1.767767,
      1.427649,
      1.303906,
      0.072125,
      0.376181,
      0.538817,
      0.075664,
      0.160515,
      0.173948,
      0.979343,
      0.786304,
      0.826608,
      0.353556,
      0.289208,
      0.780646,
      0.81883,
      1.06066,
      0.747412,
      0,
      0.314663,
      0.461741,
      1.029547,
      0.342243,
      0.499925,
      0.254558,
      0.490732
    ],
    [
      0.509824,
      1.460177,
      1.589576,
      1.676552,
      1.70342,
      1.224709,
      1.933937,
      1.458054,
      1.811608,
      1.415628,
      1.844842,
      2.040003,
      2.08243,
      1.742311,
      1.618568,
      0.386788,
      0.690844,
      0.853481,
      0.390323,
      0.475176,
      0.488611,
      1.294006,
      0.471641,
      0.511947,
      0.038897,
      0.025456,
      0.465984,
      0.504168,
      0.745998,
      0.432749,
      0.314663,
      0,
      0.776405,
      1.34421,
      0.656903,
      0.814588,
      0.060108,
      0.805395
    ],
    [
      0.26658,
      0.683773,
      0.813174,
      0.900147,
      0.927019,
      0.448308,
      1.157534,
      0.681652,
      1.035204,
      0.639226,
      1.068439,
      1.2636,
      1.306026,
      0.965909,
      0.842167,
      0.389616,
      0.085563,
      0.077078,
      0.386083,
      0.301231,
      0.287793,
      0.517602,
      1.248045,
      1.288349,
      0.815297,
      0.750949,
      1.242387,
      1.280571,
      1.522401,
      1.209153,
      0.461741,
      0.776405,
      0,
      0.567807,
      0.11952,
      0.038184,
      0.7163,
      0.029
    ],
    [
      0.834386,
      0.115974,
      0.245367,
      0.332343,
      0.359213,
      0.119503,
      0.589727,
      0.113846,
      0.467398,
      0.071421,
      0.500632,
      0.695793,
      0.738219,
      0.398102,
      0.274361,
      0.957423,
      0.653367,
      0.490734,
      0.953887,
      0.869035,
      0.855599,
      0.05021,
      1.815851,
      1.856155,
      1.383102,
      1.318754,
      1.810193,
      1.848377,
      2.090208,
      1.776959,
      1.029547,
      1.34421,
      0.567807,
      0,
      0.687309,
      0.529623,
      1.284106,
      0.538815
    ],
    [
      0.147085,
      0.803278,
      0.932674,
      1.019652,
      1.046518,
      0.567807,
      1.277036,
      0.801152,
      1.154707,
      0.758726,
      1.18794,
      1.383102,
      1.425528,
      1.085409,
      0.961665,
      0.270118,
      0.033971,
      0.196596,
      0.26658,
      0.181728,
      0.168297,
      0.637107,
      1.128542,
      1.168849,
      0.695793,
      0.631447,
      1.122886,
      1.16107,
      1.402901,
      1.089652,
      0.342243,
      0.656903,
      0.11952,
      0.687309,
      0,
      0.157699,
      0.5968,
      0.148499
    ],
    [
      0.304764,
      0.645589,
      0.77499,
      0.861963,
      0.888836,
      0.410124,
      1.11935,
      0.643469,
      0.997021,
      0.601042,
      1.030255,
      1.225416,
      1.267843,
      0.927725,
      0.803983,
      0.4278,
      0.123746,
      0.038897,
      0.424266,
      0.339414,
      0.325977,
      0.479418,
      1.286229,
      1.326532,
      0.853481,
      0.789132,
      1.280571,
      1.318754,
      1.560585,
      1.247337,
      0.499925,
      0.814588,
      0.038184,
      0.529623,
      0.157699,
      0,
      0.754483,
      0.00922
    ],
    [
      0.44972,
      1.400072,
      1.529472,
      1.616447,
      1.643317,
      1.164605,
      1.873833,
      1.39795,
      1.751504,
      1.355524,
      1.784738,
      1.979899,
      2.022325,
      1.682207,
      1.558464,
      0.326683,
      0.630739,
      0.793375,
      0.33022,
      0.415072,
      0.428507,
      1.233902,
      0.531746,
      0.57205,
      0.099005,
      0.034655,
      0.526087,
      0.564271,
      0.806102,
      0.492854,
      0.254558,
      0.060108,
      0.7163,
      1.284106,
      0.5968,
      0.754483,
      0,
      0.745291
    ],
    [
      0.295571,
      0.654782,
      0.784182,
      0.871157,
      0.898027,
      0.419315,
      1.128542,
      0.65266,
      1.006213,
      0.610234,
      1.039447,
      1.234608,
      1.277035,
      0.936917,
      0.813174,
      0.418607,
      0.114551,
      0.048104,
      0.415072,
      0.33022,
      0.316784,
      0.488611,
      1.277036,
      1.31734,
      0.844287,
      0.779939,
      1.271378,
      1.309562,
      1.551392,
      1.238144,
      0.490732,
      0.805395,
      0.029,
      0.538815,
      0.148499,
      0.00922,
      0.745291,
      0
    ]
  ]
}